    00000000  44 48 5f 50 55 42 3a 31  39 35 32 37 36 35 33 38   DH_PUB:1 95276538
    00000010  33 37 35 31 35 38 35 34  35 36 31 34 37 34 36 35   37515854 56147465
    00000020  38 34 34 30 37 31 38 35  30 31 39 30 39 38 38 34   84407185 01909884
    00000030  34 35 32 31 38 31 39 31  35 30 35 39 33 36 30 37   45218191 50593607
    00000040  33 35 31 30 31 33 37 38  37 32 34 33 34 34 31 39   35101378 72434419
    00000050  33 30 32 31 30 38 38 39  31 30 36 37 35 33 36 38   30210889 10675368
    00000060  36 34 32 31 35 36 34 33  31 38 30 33 31 30 33 31   64215643 18031031
    00000070  39 32 35 34 31 33 30 37  35 38 33 30 33 38 31 36   92541307 58303816
    00000080  33 32 35 30 38 31 34 39  39 32 33 34 34 31 35 39   32508149 92344159
    00000090  37 30 31 39 31 37 31 31  33 30 30 36 38 34 34 39   70191711 30068449
    000000A0  35 36 33 33 36 38 39 39  38 37 31 34 35 32 33 31   56336899 87145231
    000000B0  34 30 38 38 34 33 30 30  35 34 33 34 36 36 30 31   40884300 54346601
    000000C0  32 33 30 38 30 36 33 30  32 39 37 37 36 34 38 30   23080630 29776480
    000000D0  30 37 37 36 39 32 34 35  35 38 30 32 33 35 39 31   07769245 58023591
    000000E0  30 34 30 32 30 38 31 32  33 36 33 39 33 34 39 35   04020812 36393495
    000000F0  39 37 34 35 35 39 33 36  30 34 37 30 32 39 34 32   97455936 04702942
    00000100  38 37 33 34 38 35 35 39  35 30 39 37 32 35 37 31   87348559 50972571
    00000110  33 32 33 31 31 37 31 31  37 39 35 30 32 38 33 38   32311711 79502838
    00000120  39 31 36 33 32 37 30 38  33 33 32 38 33 36 30 30   91632708 33283600
    00000130  38 32 38 36 36 33 31 33  37 38 38 32 39 36 33 34   82866313 78829634
    00000140  32 35 31 30 32 37 32 32  37 32 36 35 37 39 38 34   25102722 72657984
    00000150  31 31 39 31 34 34 36 34  35 31 36 37 33 34 32 31   11914464 51673421
    00000160  38 37 32 30 34 37 39 34  30 39 34 31 33 37 37 32   87204794 09413772
    00000170  36 33 38 34 33 34 33 35  38 36 30 34 32 33 30 38   63843435 86042308
    00000180  35 34 31 33 32 33 37 38  35 38 36 38 37 35 30 33   54132378 58687503
    00000190  31 36 39 37 33 35 36 38  32 33 36 35 39 39 30 39   16973568 23659909
    000001A0  38 35 39 30 32 39 32 34  36 39 31 37 33 37 38 37   85902924 69173787
    000001B0  32 39 34 33 38 35 30 38  31 38 34 35 39 34 34 35   29438508 18459445
    000001C0  35 35 37 31 39 36 31 32  32 38 37 36 32 37 30 37   55719612 28762707
    000001D0  36 35 37 33 38 36 37 36  30 31 38 39 36 36 35 31   65738676 01896651
    000001E0  37 33 39 30 39 31 37 38  31 32 31 34 32 35 38 36   73909178 12142586
    000001F0  31 37 39 32 36 30 39 36  36 30 31 37 32 39 30 30   17926096 60172900
    00000200  37 31 34 33 33 38 31 35  32 33 34 34 31 33 38 30   71433815 23441380
    00000210  32 37 32 32 33 38 31 36  33 32 38 37 32 34 30 35   27223816 32872405
    00000220  35 30 35 34 39 35 36 35  30 35 37 33 34 33 33 32   50549565 05734332
    00000230  38 32 30 34 38 36 34 31  31 39 30 37 38 38 36 36   82048641 19078866
    00000240  36 36 33 30 31 35 31 34  38 37 38 37 37 39 38 34   66301514 87877984
    00000250  35 36 31 35 35 38 34 32  31 36 38 39 31 34 38 34   56155842 16891484
    00000260  36 34 30 31 38 36 39 37  35 36 36 35 30 34 36 32   64018697 56650462
00000000  44 48 5f 50 55 42 3a 32  30 39 38 33 35 37 35 37   DH_PUB:2 09835757
00000010  33 33 37 33 30 30 37 31  32 38 31 39 34 36 30 34   33730071 28194604
00000020  33 39 31 36 34 31 37 32  39 32 36 32 33 33 33 37   39164172 92623337
00000030  35 37 36 34 37 39 31 33  31 30 34 30 39 36 34 35   57647913 10409645
00000040  38 30 39 37 35 34 36 31  30 31 32 32 37 36 36 38   80975461 01227668
00000050  34 30 33 33 38 37 31 36  39 32 35 32 37 37 36 34   40338716 92527764
00000060  36 35 34 35 35 33 31 37  31 30 37 34 36 37 33 32   65455317 10746732
00000070  37 32 35 31 30 35 36 38  38 34 34 35 33 38 32 37   72510568 84453827
00000080  35 36 36 39 39 31 36 39  31 31 33 35 32 36 32 37   56699169 11352627
00000090  37 34 39 35 34 32 31 39  33 34 36 39 34 33 34 36   74954219 34694346
000000A0  30 34 33 32 30 32 34 35  37 37 37 33 30 37 39 36   04320245 77730796
000000B0  35 37 31 30 35 33 32 35  35 37 30 38 31 36 31 30   57105325 57081610
000000C0  38 38 36 37 30 39 38 39  34 38 33 35 38 32 38 35   88670989 48358285
000000D0  32 30 38 31 37 37 30 30  31 35 35 30 30 33 33 31   20817700 15500331
000000E0  38 35 31 34 36 39 32 39  32 32 30 34 39 37 37 32   85146929 22049772
000000F0  39 30 37 36 34 32 31 36  33 34 31 37 38 37 34 30   90764216 34178740
00000100  36 30 37 33 34 38 39 30  39 30 38 37 33 31 34 39   60734890 90873149
00000110  34 35 37 39 33 37 34 34  36 39 35 38 33 37 30 34   45793744 69583704
00000120  32 34 35 32 31 39 32 31  36 33 38 39 36 32 37 36   24521921 63896276
00000130  34 37 37 31 39 33 35 37  30 35 35 38 36 30 37 38   47719357 05586078
00000140  38 34 39 32 36 35 37 35  39 30 33 30 32 36 31 39   84926575 90302619
00000150  36 39 38 37 34 38 34 33  37 32 37 34 34 37 33 33   69874843 72744733
00000160  31 31 37 30 30 34 37 37  39 38 34 36 33 33 31 31   11700477 98463311
00000170  37 31 35 34 33 33 37 39  39 32 33 31 39 32 30 37   71543379 92319207
00000180  36 33 31 39 34 37 31 39  34 34 38 30 33 36 34 38   63194719 44803648
00000190  38 36 31 38 32 35 30 33  36 31 32 37 30 38 36 30   86182503 61270860
000001A0  36 37 33 37 31 37 34 35  31 35 34 31 32 35 30 32   67371745 15412502
000001B0  37 35 32 31 35 31 35 38  31 34 34 34 36 32 31 39   75215158 14446219
000001C0  38 36 38 37 38 31 39 30  37 34 31 39 32 32 35 35   86878190 74192255
000001D0  35 36 35 34 39 30 35 33  33 32 39 34 37 36 36 30   56549053 32947660
000001E0  33 32 31 36 32 38 30 30  37 34 31 32 34 32 32 30   32162800 74124220
000001F0  37 39 33 37 35 32 31 37  39 37 35 31 38 37 34 34   79375217 97518744
00000200  37 37 33 36 36 33 34 39  30 39 35 39 31 30 39 33   77366349 09591093
00000210  34 39 36 33 31 36 32 36  34 39 31 31 39 38 32 32   49631626 49119822
00000220  31 39 32 30 38 38 37 33  37 33 31 38 38 37 34 37   19208873 73188747
00000230  32 33 33 36 34 38 32 35  33 32 34 35 31 32 32 37   23364825 32451227
00000240  35 39 32 31 34 30 34 36  37 37 39 38 34 32 39 31   59214046 77984291
00000250  36 30 39 39 39 35 38 33  31 33 32 32 32 33 38 39   60999583 13222389
00000260  38 33 37 35 35 31 38 35  37 39 33 37 34 32 31 36   83755185 79374216
    00000270  52 53 41 5f 52 45 51 5f  50 55 42 3a 36 35 35 33   RSA_REQ_ PUB:6553
    00000280  37 3a 31 36 32 33 34 36  36 37 38 38 38 31 36 32   7:162346 67888162
    00000290  38 31 39 32 33 37 33 39  33 30 38 35 38 35 39 34   81923739 30858594
    000002A0  36 34 35 31 37 35 35 32  30 34 33 39 34 33 30 31   64517552 04394301
    000002B0  39 31 39 37 35 34 31 33  37 35 39 36 38 30 37 36   91975413 75968076
    000002C0  37 32 30 36 33 31 31 37  33 35 33 36 38 32 38 37   72063117 35368287
    000002D0  36 30 31 30 35 32 33 34  31 35 30 36 31 39 31 31   60105234 15061911
    000002E0  32 34 36 34 31 31 33 33  30 37 30 34 32 30 38 32   24641133 07042082
    000002F0  39 33 39 38 32 31 34 39  39 33 31 33 37 30 38 38   93982149 93137088
    00000300  33 32 31 30 35 36 33 31  34 30 32 34 39 39 33 39   32105631 40249939
    00000310  38 32 33 38 32 34 34 38  30 32 35 36 34 36 37 38   82382448 02564678
    00000320  34 33 33 32 30 36 33 31  32 34 30 30 31 34 37 32   43320631 24001472
    00000330  39 36 31 39 36 31 34 31  36 33 30 37 31 37 38 35   96196141 63071785
    00000340  37 33 33 37 30 30 32 30  35 30 39 37 30 34 33 39   73370020 50970439
    00000350  32 30 39 34 32 38 38 37  35 32 34 39 39 34 32 30   20942887 52499420
    00000360  31 31 36 36 30 39 30 38  37 30 37 31 31 32 36 37   11660908 70711267
    00000370  34 37 32 34 36 30 35 37  35 38 39 37 32 33 33 31   47246057 58972331
    00000380  36 35 38 31 33 39 37 37  34 32 30 31 31 39 33 37   65813977 42011937
    00000390  39 30 37 38 37 30 37 34  30 35 30 35 31 31 35 39   90787074 05051159
    000003A0  30 38 37 36 34 31 36 32  36 38 33 37 37 39 30 32   08764162 68377902
    000003B0  32 32 35 39 39 36 30 35  30 39 31 31 32 33 33 31   22599605 09112331
    000003C0  31 38 37 34 38 34 35 33  35 33 34 35 36 31 34 39   18748453 53456149
    000003D0  32 32 33 35 30 36 38 38  30 37 32 35 34 37 38 30   22350688 07254780
    000003E0  30 32 30 37 32 37 30 34  32 38 36 35 32 33 34 31   02072704 28652341
    000003F0  30 31 39 30 34 33 31 39  32 35 33 30 35 34 34 36   01904319 25305446
    00000400  39 35 34 30 34 39 30 31  32 37 35 35 31 37 33 35   95404901 27551735
    00000410  36 38 38 32 32 36 37 39  32 36 33 34 31 36 33 30   68822679 26341630
    00000420  35 30 31 39 33 37 31 34  35 31 35 31 30 39 37 34   50193714 51510974
    00000430  34 39 36 35 33 30 38 37  37 35 35 36 30 35 30 37   49653087 75560507
    00000440  33 33 37 35 37 31 32 34  32 38 34 36 36 32 38 32   33757124 28466282
    00000450  38 33 32 34 32 39 35 37  31 38 33 31 38 33 38 30   83242957 18318380
    00000460  33 33 30 30 36 30 34 31  39 32 35 33 32 38 36 36   33006041 92532866
    00000470  35 36 32 30 36 38 36 33  35 31 33 34 34 39 39 36   56206863 51344996
    00000480  36 38 31 36 38 31 32 32  34 39 36 38 32 30 39 33   68168122 49682093
    00000490  34 30 35 34 39 38 39 39  37 35 37 34 36 32 32 37   40549899 75746227
    000004A0  34 36 33 31 34 30 30 37  30 38 37 38 33 36 35 32   46314007 08783652
    000004B0  37 30 31 30 30 38 30 38  33 32 39 39 39 38 33 39   70100808 32999839
    000004C0  39 38 33 33 35 33 32 39  32 37 37 30 33 30 35 38   98335329 27703058
    000004D0  34 39 37 31 38 36 32 36  36 39 32 32 30 39 37 31   49718626 69220971
    000004E0  33 38 30 36 35 30 33 34  38 38 33                  38065034 883
00000270  52 53 41 5f 50 55 42 5f  52 45 53 50 3a 36 35 35   RSA_PUB_ RESP:655
00000280  33 37 3a 32 33 30 34 36  32 39 38 32 31 34 34 36   37:23046 29821446
00000290  38 39 32 34 33 35 34 34  30 33 37 39 35 32 39 31   89243544 03795291
000002A0  33 35 32 32 30 39 39 37  39 38 30 33 30 35 34 35   35220997 98030545
000002B0  33 31 32 33 31 38 38 31  39 30 31 33 36 39 39 30   31231881 90136990
000002C0  36 32 34 39 33 31 38 36  37 34 37 30 37 36 33 36   62493186 74707636
000002D0  38 34 37 32 30 35 39 32  30 30 35 31 36 30 33 35   84720592 00516035
000002E0  36 30 36 36 39 30 36 30  38 39 39 35 31 36 32 38   60669060 89951628
000002F0  38 39 38 38 30 34 37 33  35 36 35 39 35 33 36 39   89880473 56595369
00000300  33 33 38 31 37 38 34 33  36 38 37 31 38 32 32 30   33817843 68718220
00000310  35 38 38 34 35 33 37 39  33 32 31 33 39 38 32 30   58845379 32139820
00000320  37 32 34 34 35 39 32 39  36 38 33 30 35 36 30 32   72445929 68305602
00000330  37 35 39 33 35 39 33 33  36 39 35 31 35 34 31 39   75935933 69515419
00000340  30 33 34 36 37 33 32 30  39 30 36 33 37 36 38 36   03467320 90637686
00000350  39 31 39 30 31 36 33 32  35 36 35 36 38 35 30 30   91901632 56568500
00000360  39 31 35 39 35 37 37 30  33 36 30 38 31 39 31 34   91595770 36081914
00000370  38 30 38 39 35 34 34 39  34 36 37 37 39 39 32 32   80895449 46779922
00000380  35 37 33 33 34 32 33 31  36 31 31 39 37 38 37 37   57334231 61197877
00000390  30 35 30 38 37 38 39 32  38 36 38 35 34 39 38 34   05087892 86854984
000003A0  38 35 30 37 32 36 39 37  34 31 33 33 32 31 37 30   85072697 41332170
000003B0  34 35 38 34 39 34 31 32  35 31 31 38 31 32 36 39   45849412 51181269
000003C0  36 36 31 34 30 32 38 39  31 30 38 33 35 31 30 33   66140289 10835103
000003D0  32 31 37 38 33 30 30 31  35 36 32 32 31 34 35 31   21783001 56221451
000003E0  37 36 33 35 39 37 35 39  33 39 34 36 39 39 37 34   76359759 39469974
000003F0  31 36 35 34 35 37 39 38  39 37 34 31 38 32 31 35   16545798 97418215
00000400  38 30 38 38 32 38 34 38  32 36 35 36 30 33 37 39   80882848 26560379
00000410  30 33 30 30 31 30 39 36  38 36 30 37 34 34 35 39   03001096 86074459
00000420  30 37 36 35 30 31 35 35  39 32 37 31 32 35 32 35   07650155 92712525
00000430  39 30 35 33 34 36 38 35  35 34 36 31 37 30 39 31   90534685 54617091
00000440  36 30 35 30 32 35 34 39  31 32 38 39 35 31 39 31   60502549 12895191
00000450  32 36 35 36 30 37 36 38  32 36 34 34 39 38 32 32   26560768 26449822
00000460  35 34 39 39 39 38 34 39  39 36 33 37 34 31 32 30   54999849 96374120
00000470  38 37 31 34 33 33 36 37  34 32 34 31 30 35 37 36   87143367 42410576
00000480  35 38 38 31 34 36 36 36  32 35 31 30 37 37 33 33   58814666 25107733
00000490  33 34 37 33 39 35 33 31  36 38 38 39 31 35 37 36   34739531 68891576
000004A0  34 32 37 34 31 37 35 36  38 31 31 38 32 36 30 35   42741756 81182605
000004B0  36 34 34 36 37 31 30 32  37 36 31 31 39 35 38 31   64467102 76119581
000004C0  38 37 34 37 37 35 30 33  34 39 30 34 37 32 34 30   87477503 49047240
000004D0  35 34 39 34 31 31 36 33  39 32 37 36 34 31 32 39   54941163 92764129
000004E0  33 37 36 34 34 36 32 39  31 31 32 33               37644629 1123
000004EC  4d 53 47 3a 69 63 65 20  63 72 65 61 6d 20 67 6f   MSG:ice  cream go
000004FC  74 20 6e 6f 20 6c 65 67  73                        t no leg s
    000004EB  4d 53 47 3a 62 75 74 20  69 74 20 68 61 73 20 33   MSG:but  it has 3
    000004FB  30                                                 0
00000505  53 45 43 55 52 45 3a 31  36 35 34 35 38 30 32 38   SECURE:1 65458028
00000515  33 34 39 37 32 31 34 39  33 38 37 34 36 37 36 35   34972149 38746765
00000525  32 34 37 38 32 37 31 30  32 32 34 37 37 38 33 30   24782710 22477830
00000535  35 31 30 39 37 37 34 35  31 38 32 36 35 39 33 30   51097745 18265930
00000545  33 31 37 32 31 33 35 35  35 37 30 39 36 39 36 38   31721355 57096968
00000555  30 30 36 39 34 31 37 32  30 33 31 30 31 30 35 33   00694172 03101053
00000565  35 39 36 33 38 33 32 32  30 30 31 32 31 36 38 33   59638322 00121683
00000575  31 30 34 35 30 35 34 30  35 30 34 35 35 30 30 39   10450540 50455009
00000585  30 34 31 32 35 39 37 39  34 37 35 38 39 38 39 39   04125979 47589899
00000595  31 36 39 36 38 37 38 36  30 38 33 30 36 33 35 39   16968786 08306359
000005A5  39 35 34 32 38 36 34 38  30 30 30 35 35 36 37 32   95428648 00055672
000005B5  30 32 30 38 36 34 39 39  31 36 35 38 34 31 38 37   02086499 16584187
000005C5  37 31 33 39 36 35 35 32  31 30 39 37 35 32 34 35   71396552 10975245
000005D5  39 31 38 33 32 31 35 35  37 38 34 30 35 33 34 34   91832155 78405344
000005E5  31 35 38 32 39 36 32 30  33 32 30 30 32 32 33 37   15829620 32002237
000005F5  33 30 33 35 32 34 33 35  36 30 37 34 39 38 32 32   30352435 60749822
00000605  35 36 36 31 39 35 39 35  36 34 34 34 38 35 31 36   56619595 64448516
00000615  33 34 37 38 38 33 39 38  35 37 37 36 35 37 30 34   34788398 57765704
00000625  37 35 36 30 33 33 36 39  39 35 34 33 36 32 32 36   75603369 95436226
00000635  35 30 31 33 34 37 31 33  34 33 35 32 31 30 33 39   50134713 43521039
00000645  36 35 31 38 36 35 35 39  33 31 39 30 35 38 39 37   65186559 31905897
00000655  31 31 36 30 30 32 38 32  38 32 38 31 38 33 34 32   11600282 82818342
00000665  34 34 33 34 39 37 36 33  35 39 31 38 32 31 30 33   44349763 59182103
00000675  36 33 32 30 35 34 35 39  37 30 32 38 39 33 30 35   63205459 70289305
00000685  30 34 34 39 37 34 36 37  37 31 34 37 30 35 39 32   04497467 71470592
00000695  32 33 31 36 39 37 36 35  34 38 30 36 36 38 32 31   23169765 48066821
000006A5  33 37 30 39 39 33 37 35  36 36 36 39 34 36 37 31   37099375 66694671
000006B5  38 38 35 31 35 33 30 38  32 35 31 31 39 31 38 32   88515308 25119182
000006C5  36 33 35 38 31 36 35 34  33 32 35 31 38 34 38 39   63581654 32518489
000006D5  32 35 32 32 33 35 34 39  35 36 37 37 33 38 30 34   25223549 56773804
000006E5  31 39 33 37 31 37 37 31  31 36 33 38 31 32 35 31   19371771 16381251
000006F5  39 39 34 33 37 38 36 33  30 39 32 39 37 39 33 31   99437863 09297931
00000705  35 32 30 38 34 33 39 30  35 37 32 30 36 33 35 34   52084390 57206354
00000715  34 37 39 38 38 35 33 35  37 35 34 30 30 37 37 30   47988535 75400770
00000725  39 34 35 38 36 33 36 30  37 34 36 37 30 38 30 35   94586360 74670805
00000735  35 39 33 31 34 34 34 37  37 33 34 36 34 31 39 32   59314447 73464192
00000745  33 34 36 30 33 35 38 39  37 37 39 39 37 35 39 31   34603589 77997591
00000755  37 39 37 31 32 35 31 32  38 38 32 38 38 39 33 33   79712512 88288933
00000765  35 32 36 39 34 31 39 37  31 38 30 36 34 39 38 36   52694197 18064986
00000775  3a 33 30 37 33 39 34 34  31 37 30 38 34 34 37 33   :3073944 17084473
00000785  35 37 37 32 30 30 32 36  33 35 34 36 36 31 35 33   57720026 35466153
00000795  39 39 36 38 38 36 30 32  31 33 34 39 39 32 39 38   99688602 13499298
000007A5  37 34 37 30 34 30 37 30  37 30 37 39 31 37 33 33   74704070 70791733
000007B5  32 38 37 30 31 31 31 32  34 34 30 37 32 38 37 35   28701112 44072875
000007C5  31 35 38 31 32 39 33 35  39 37 32 37 38 34 32 39   15812935 97278429
000007D5  34 31 38 31 38 35 38 31  30 38 39 32 37 33 38 33   41818581 08927383
000007E5  30 30 35 31 32 39 36 39  31 38 39 37 30 37 32 32   00512969 18970722
000007F5  32 36 36 39 31 39 36 37  33 36 34 30 36 37 35 33   26691967 36406753
00000805  35 32 38 38 36 32 31 32  36 33 36 39 32 33 36 39   52886212 63692369
00000815  33 36 31 35 33 36 31 35  33 32 30 37 31 32 32 37   36153615 32071227
00000825  32 35 35 37 34 33 30 31  34 36 30 38 38 39 35 38   25574301 46088958
00000835  36 35 31 36 37 34 36 32  36 33 35 33 38 36 35 33   65167462 63538653
00000845  31 33 31 37 32 31 34 34  37 39 39 33 39 34 38 30   13172144 79939480
00000855  32 31 35 32 32 33 39 33  38 31 35 33 32 35 33 35   21522393 81532535
00000865  37 33 34 31 39 34 34 31  34 34 36 39 36 32 34 39   73419441 44696249
00000875  31 38 38 31 36 36 36 35  32 39 31 31 36 37 33 34   18816665 29116734
00000885  38 37 35 38 37 31 33 33  36 34 31 38 37 35 33 36   87587133 64187536
00000895  32 31 38 35 31 35 37 30  32 31 38 34 33 37 35 39   21851570 21843759
000008A5  36 39 36 33 35 36 37 36  32 31 37 36 36 38 37 33   69635676 21766873
000008B5  34 32 33 33 37 32 39 38  33 39 35 31 32 38 36 38   42337298 39512868
000008C5  33 38 31 37 35 31 37 36  35 30 35 31 35 36 32 39   38175176 50515629
000008D5  31 33 32 39 38 39 30 31  35 31 31 38 30 34 37 33   13298901 51180473
000008E5  39 35 31 30 33 35 31 31  33 38 34 35 34 36 31 39   95103511 38454619
000008F5  34 36 30 38 31 38 36 39  32 32 33 30 37 39 33 32   46081869 22307932
00000905  35 34 32 36 37 38 39 30  32 35 35 39 39 30 36 31   54267890 25599061
00000915  37 38 35 37 33 37 36 31  36 37 36 34 31 30 39 35   78573761 67641095
00000925  30 33 35 35 36 38 37 33  31 30 39 33 36 37 38 36   03556873 10936786
00000935  36 36 31 38 33 37 31 33  38 34 37 39 38 36 36 33   66183713 84798663
00000945  37 33 38 31 39 38 30 37  37 34 39 34 30 38 37 34   73819807 74940874
00000955  37 34 30 32 39 34 37 32  38 33 32 36 31 30 30 31   74029472 83261001
00000965  33 35 36 37 35 33 31 35  31 31 38 37 33 32 34 35   35675315 11873245
00000975  35 31 35 31 35 39 30 34  30 30 39 37 36 36 36 38   51515904 00976668
00000985  36 33 30 32 30 39 37 33  35 34 39 33 38 39 33 38   63020973 54938938
00000995  38 35 32 33 34 35 31 33  32 36 36 33 33 37 36 32   85234513 26633762
000009A5  30 37 33 35 30 37 39 33  33 32 37 37 33 30 30 30   07350793 32773000
000009B5  30 38 30 34 34 37 31 32  30 31 33 33 36 33 37 39   08044712 01336379
000009C5  36 31 37 34 34 33 34 39  34 37 35 33 34 30 30 38   61744349 47534008
000009D5  30 34 36 36 31 33 30 33  30 37 3a 64 38 63 30 35   04661303 07:d8c05
000009E5  64 65 37 37 31 37 66 32  34 35 31 63 37 35 63 34   de7717f2 451c75c4
000009F5  32 65 32 37 64 62 66 66  38 30 33 37 66 30 32 39   2e27dbff 8037f029
00000A05  38 38 33 61 65 34 34 38  64 61 39 66 61 34 62 32   883ae448 da9fa4b2
00000A15  66 31 35 62 33 38 34 38  65 63 34 30 30 30 35 34   f15b3848 ec400054
00000A25  35 66 32 36 35 34 34 63  32 31 39 64 37 62 61 65   5f26544c 219d7bae
00000A35  31 39 39 62 36 30 63 32  36 39 33 31 35 39 64 64   199b60c2 693159dd
00000A45  38 33 32 30 65 32 38 35  61 31 30 61 64 31 39 37   8320e285 a10ad197
00000A55  38 36 37 33 31 31 32 62  31 63 35 64 63 38 35 32   8673112b 1c5dc852
00000A65  36 33 66                                           63f
    000004FC  53 45 43 55 52 45 3a 36  35 30 35 34 34 31 31 35   SECURE:6 50544115
    0000050C  38 30 32 35 34 30 31 34  31 37 36 38 36 31 39 33   80254014 17686193
    0000051C  34 36 38 32 37 32 39 31  30 36 31 36 38 35 36 33   46827291 06168563
    0000052C  38 34 35 30 34 33 34 31  34 30 37 37 38 36 37 33   84504341 40778673
    0000053C  36 38 39 39 30 35 36 35  36 38 38 33 37 39 31 38   68990565 68837918
    0000054C  37 36 39 30 37 33 31 32  36 30 35 33 38 30 35 32   76907312 60538052
    0000055C  36 33 34 31 30 32 38 38  38 30 39 34 39 31 35 31   63410288 80949151
    0000056C  34 39 33 35 37 37 39 32  35 33 32 39 39 37 38 32   49357792 53299782
    0000057C  37 33 39 36 38 36 31 35  34 39 38 30 38 34 31 33   73968615 49808413
    0000058C  35 30 34 31 39 38 38 36  31 37 35 34 36 38 38 34   50419886 17546884
    0000059C  30 33 31 39 38 31 36 34  37 32 34 32 39 39 37 34   03198164 72429974
    000005AC  34 34 37 30 37 32 32 37  30 39 37 39 30 31 30 34   44707227 09790104
    000005BC  35 37 35 32 39 34 33 33  34 33 32 39 34 34 39 36   57529433 43294496
    000005CC  30 33 32 34 39 38 39 30  38 38 39 37 36 35 34 31   03249890 88976541
    000005DC  36 32 35 32 30 32 34 32  39 34 37 39 31 35 36 32   62520242 94791562
    000005EC  38 39 39 35 32 39 37 34  36 33 37 34 35 31 39 30   89952974 63745190
    000005FC  34 33 31 39 33 35 37 34  32 32 33 35 30 38 31 35   43193574 22350815
    0000060C  36 30 38 32 35 34 30 34  31 30 33 38 34 35 33 38   60825404 10384538
    0000061C  31 34 38 36 30 30 31 37  35 37 38 31 34 33 33 36   14860017 57814336
    0000062C  36 38 34 36 34 31 33 39  35 34 39 35 37 39 36 37   68464139 54957967
    0000063C  38 34 30 33 35 33 37 39  39 36 39 31 39 34 32 33   84035379 96919423
    0000064C  35 30 34 32 38 32 32 32  31 36 30 36 34 31 38 32   50428222 16064182
    0000065C  37 39 36 36 33 38 31 35  35 33 37 36 33 35 33 33   79663815 53763533
    0000066C  32 33 34 38 33 31 39 36  39 38 31 36 35 30 35 33   23483196 98165053
    0000067C  35 31 37 33 38 33 36 31  34 30 39 31 31 37 34 35   51738361 40911745
    0000068C  39 33 30 31 38 33 35 37  36 30 38 30 38 36 38 38   93018357 60808688
    0000069C  38 34 32 36 30 33 37 39  37 30 33 39 37 35 33 31   84260379 70397531
    000006AC  35 37 35 37 36 32 33 35  36 39 32 34 32 38 34 34   57576235 69242844
    000006BC  36 37 39 39 33 35 31 38  30 39 32 38 38 36 39 39   67993518 09288699
    000006CC  35 37 31 31 31 37 37 37  36 31 34 33 31 39 30 38   57111777 61431908
    000006DC  33 37 32 35 39 33 32 32  31 32 37 38 31 39 38 31   37259322 12781981
    000006EC  31 38 37 32 36 34 30 30  30 38 36 36 36 33 38 37   18726400 08666387
    000006FC  37 38 39 30 39 32 37 36  37 37 31 38 34 36 34 37   78909276 77184647
    0000070C  38 38 37 32 35 38 38 37  30 38 39 36 34 37 38 34   88725887 08964784
    0000071C  33 34 32 32 39 32 37 34  33 38 30 39 38 37 35 33   34229274 38098753
    0000072C  39 35 37 32 31 38 37 33  39 34 30 37 34 31 35 35   95721873 94074155
    0000073C  34 37 37 37 39 34 31 31  32 36 35 37 38 32 38 35   47779411 26578285
    0000074C  33 38 38 37 38 33 34 38  33 36 31 31 32 32 39 31   38878348 36112291
    0000075C  36 36 31 35 33 36 36 32  39 37 39 30 36 34 36 3a   66153662 9790646:
    0000076C  36 37 38 33 32 30 32 33  39 34 39 34 36 39 37 39   67832023 94946979
    0000077C  39 39 37 36 37 33 31 30  39 31 38 30 35 38 37 37   99767310 91805877
    0000078C  33 32 39 32 38 30 34 30  36 35 38 31 34 36 33 30   32928040 65814630
    0000079C  38 38 34 38 39 38 37 31  33 32 32 33 39 32 33 37   88489871 32239237
    000007AC  32 31 38 34 37 31 34 30  31 36 31 36 31 38 35 30   21847140 16161850
    000007BC  37 37 37 35 32 38 35 38  34 30 37 31 31 37 36 39   77752858 40711769
    000007CC  37 39 38 31 36 39 35 33  35 39 36 34 38 39 30 35   79816953 59648905
    000007DC  34 38 32 30 31 33 31 34  32 34 39 38 35 31 34 32   48201314 24985142
    000007EC  37 36 33 34 33 36 37 36  39 36 36 33 30 38 39 30   76343676 96630890
    000007FC  39 34 32 32 37 33 33 38  34 39 34 39 34 34 38 39   94227338 49494489
    0000080C  31 36 34 31 32 37 33 30  38 37 30 31 34 32 39 30   16412730 87014290
    0000081C  33 39 37 37 31 32 37 32  31 38 33 33 31 34 34 32   39771272 18331442
    0000082C  38 39 35 32 39 38 32 38  31 31 35 38 31 34 33 39   89529828 11581439
    0000083C  37 30 38 35 38 32 34 34  32 38 34 36 37 30 35 34   70858244 28467054
    0000084C  38 35 35 39 36 32 36 37  37 31 32 35 36 34 38 32   85596267 71256482
    0000085C  34 36 37 30 31 36 36 37  30 30 37 32 38 30 39 39   46701667 00728099
    0000086C  31 32 38 37 31 38 35 38  32 37 38 32 38 38 37 30   12871858 27828870
    0000087C  35 37 35 37 37 36 35 38  30 35 35 35 31 30 30 38   57577658 05551008
    0000088C  30 35 30 33 35 34 36 33  38 38 31 36 37 34 30 33   05035463 88167403
    0000089C  38 37 30 33 37 39 38 31  30 37 35 38 31 32 32 37   87037981 07581227
    000008AC  35 35 38 39 38 30 31 39  35 34 34 33 31 34 37 38   55898019 54431478
    000008BC  30 32 31 39 32 38 37 39  31 38 33 36 39 32 38 32   02192879 18369282
    000008CC  33 33 36 36 39 33 37 38  36 30 38 39 31 32 34 37   33669378 60891247
    000008DC  39 36 32 31 31 35 35 33  33 39 39 33 35 33 35 35   96211553 39935355
    000008EC  31 38 39 33 38 35 30 33  33 35 34 31 30 31 34 35   18938503 35410145
    000008FC  36 34 35 38 35 33 34 37  39 38 38 35 38 38 36 38   64585347 98858868
    0000090C  37 38 31 32 30 32 36 39  30 32 38 34 38 36 30 30   78120269 02848600
    0000091C  39 34 32 32 31 38 33 32  33 39 37 30 37 39 32 38   94221832 39707928
    0000092C  39 37 38 32 30 37 30 37  37 39 38 32 34 34 35 36   97820707 79824456
    0000093C  34 39 32 38 38 33 36 32  36 33 32 35 32 36 31 31   49288362 63252611
    0000094C  39 30 32 30 38 34 36 39  30 32 34 34 30 31 32 33   90208469 02440123
    0000095C  30 39 35 39 38 30 35 34  32 38 37 36 31 36 32 31   09598054 28761621
    0000096C  30 32 35 33 35 39 38 31  34 37 37 32 32 37 39 37   02535981 47722797
    0000097C  36 37 32 39 32 36 36 35  39 37 31 34 34 36 32 32   67292665 97144622
    0000098C  37 35 30 37 30 37 34 31  32 38 35 38 32 34 33 32   75070741 28582432
    0000099C  31 36 30 37 37 35 30 33  38 30 34 31 30 32 39 32   16077503 80410292
    000009AC  38 33 31 31 34 34 33 38  32 36 30 39 38 31 31 30   83114438 26098110
    000009BC  38 34 35 34 39 36 38 36  33 32 38 34 32 31 39 38   84549686 32842198
    000009CC  34 37 36 34 38 37 33 36  3a 33 38 30 35 63 65 31   47648736 :3805ce1
    000009DC  31 65 62 33 33 37 62 38  35 66 39 39 64 66 34 31   1eb337b8 5f99df41
    000009EC  64 34 36 66 35 39 62 33  39 62 64 65 63 34 62 37   d46f59b3 9bdec4b7
    000009FC  35 32 64 34 37 39 39 32  32 37 39 32 63 36 63 37   52d47992 2792c6c7
    00000A0C  62 38 32 33 63 37 35 34  38 66 64 39 64 63 62 33   b823c754 8fd9dcb3
    00000A1C  32 61 64 32 33 36 34 35  32 36 65 39 38 65 31 39   2ad23645 26e98e19
    00000A2C  65 39 30 66 63 61 66 35  38 35 38 30 65 35 63 33   e90fcaf5 8580e5c3
    00000A3C  32 66 36 66 38 65 34 32  66 33 65 64 66 32 36 65   2f6f8e42 f3edf26e
    00000A4C  38 35 33 31 66 32 34 34  65 31 66 38 39 38 36 65   8531f244 e1f8986e
    00000A5C  65                                                 e
